,region,year,male_0_18,male_18_64,male_65,female_0_18,female_18_64,female_65,combined_0_18,combined_18_64,combined_65,pop_total,cost
0,Central Finland,1993,33139,82320,13731,31514,78184,23034,64653,160504,36765,258485,775.2
1,Central Finland,1994,32988,82406,14113,31524,78412,23429,64512,160818,37542,259392,743.7
2,Central Finland,1995,32715,82518,14473,31322,78565,23728,64037,161083,38201,259778,770.7
3,Central Finland,1996,32563,82863,14887,31092,78943,24042,63655,161806,38929,260835,807.7
4,Central Finland,1997,32311,83018,15197,30859,79184,24347,63170,162202,39544,261559,860.5
5,Central Finland,1998,31968,83088,15433,30668,79575,24481,62636,162663,39914,261754,883.9
6,Central Finland,1999,31739,83255,15655,30350,79757,24722,62089,163012,40377,262106,912.2
7,Central Finland,2000,31508,83663,16019,30066,80164,24896,61574,163827,40915,262710,955.8
8,Central Finland,2001,31096,84156,16252,29847,80690,25094,60943,164846,41346,263574,1023.9
9,Central Finland,2002,30706,84355,16644,29539,80892,25335,60245,165247,41979,263889,1091.4
10,Central Finland,2003,30426,84650,17098,29356,81237,25582,59782,165887,42680,264936,1181.1
11,Central Finland,2004,30283,84806,17583,29176,81450,26105,59459,166256,43688,266047,1242.8
12,Central Finland,2005,30082,84970,18014,29036,81469,26384,59118,166439,44398,266770,1287.0
13,Central Finland,2006,30104,84602,18906,29034,81294,27025,59138,165896,45931,267481,1330.1
14,Central Finland,2007,29981,84935,18991,28865,81500,27034,58846,166435,46025,267998,1400.8
15,Central Finland,2008,29865,85172,19431,28870,81861,27345,58735,167033,46776,269108,1489.4
16,Central Finland,2009,29865,85347,19848,28799,82063,27658,58664,167410,47506,270195,1544.5
17,Central Finland,2010,29789,85272,20617,28709,81888,28300,58498,167160,48917,271083,1568.6
18,Central Finland,2011,29700,84912,21496,28545,81472,29106,58245,166384,50602,271874,1655.4
19,Central Finland,2012,29577,84503,22549,28480,81052,29953,58057,165555,52502,272723,1749.0
20,Central Finland,2013,29338,83726,23715,28243,80211,30905,57581,163937,54620,272911,1829.4
21,Central Finland,2014,29211,83086,24626,28112,79498,31698,57323,162584,56324,272990,1828.7
22,Central Finland,2015,29001,82655,25516,27941,78945,32488,56942,161600,58004,273446,1842.5
23,Central Finland,2016,28865,82600,26210,27737,78471,33005,56602,161071,59215,273910,1826.7
24,Central Finland,2017,28706,81959,27026,27448,77949,33648,56154,159908,60674,273779,1871.9
25,Central Finland,2018,28443,81478,27580,27155,77342,34266,55598,158820,61846,273283,1880.0
26,Central Finland,2019,27988,81023,28296,26825,76756,34905,54813,157779,63201,272898,1903.1
27,Central Finland,2020,27732,80506,28957,26546,76246,35548,54278,156752,64505,272617,1991.5
28,Central Ostrobothnia,1993,10126,21269,3456,9762,20242,5593,19888,41511,9049,69315,677.7
29,Central Ostrobothnia,1994,10038,21368,3535,9696,20366,5725,19734,41734,9260,69627,680.9
30,Central Ostrobothnia,1995,9928,21342,3656,9622,20348,5801,19550,41690,9457,69539,714.3
31,Central Ostrobothnia,1996,9752,21279,3755,9426,20229,5867,19178,41508,9622,69213,749.1
32,Central Ostrobothnia,1997,9578,21249,3857,9337,20152,5912,18915,41401,9769,69021,813.8
33,Central Ostrobothnia,1998,9444,21229,3924,9236,20068,5962,18680,41297,9886,68773,827.9
34,Central Ostrobothnia,1999,9248,21109,4024,9084,19959,6021,18332,41068,10045,68345,849.1
35,Central Ostrobothnia,2000,9101,21019,4117,8946,19913,6098,18047,40932,10215,68052,899.2
36,Central Ostrobothnia,2001,8910,20948,4172,8751,19809,6177,17661,40757,10349,67671,988.7
37,Central Ostrobothnia,2002,8759,20913,4266,8626,19842,6196,17385,40755,10462,67497,1048.4
38,Central Ostrobothnia,2003,8642,20855,4384,8522,19858,6237,17164,40713,10621,67441,1128.3
39,Central Ostrobothnia,2004,8569,20810,4508,8334,19829,6336,16903,40639,10844,67369,1218.0
40,Central Ostrobothnia,2005,8536,20880,4592,8316,19856,6409,16852,40736,11001,67612,1276.6
41,Central Ostrobothnia,2006,8407,20747,4791,8301,19744,6605,16708,40491,11396,67632,1345.0
42,Central Ostrobothnia,2007,8398,20833,4815,8305,19872,6651,16703,40705,11466,67898,1442.6
43,Central Ostrobothnia,2008,8378,20878,4909,8223,19902,6709,16601,40780,11618,67991,1571.1
44,Central Ostrobothnia,2009,8361,20756,5001,8210,19891,6837,16571,40647,11838,68131,1620.6
45,Central Ostrobothnia,2010,8399,20638,5213,8177,19856,6988,16576,40494,12201,68321,1782.6
46,Central Ostrobothnia,2011,8394,20514,5489,8175,19710,7174,16569,40224,12663,68484,1907.2
47,Central Ostrobothnia,2012,8356,20339,5747,8151,19506,7446,16507,39845,13193,68610,1956.8
48,Central Ostrobothnia,2013,8361,20109,6025,8150,19368,7648,16511,39477,13673,68677,1984.0
49,Central Ostrobothnia,2014,8367,19952,6278,8116,19156,7868,16483,39108,14146,68830,1945.2
50,Central Ostrobothnia,2015,8375,19839,6503,8135,19018,8037,16510,38857,14540,69032,1971.8
51,Central Ostrobothnia,2016,8391,19660,6719,8105,18805,8208,16496,38465,14927,69027,2018.3
52,Central Ostrobothnia,2017,8344,19372,6910,8049,18555,8378,16393,37927,15288,68780,1986.3
53,Central Ostrobothnia,2018,8304,19110,7081,8002,18248,8535,16306,37358,15616,68437,2047.0
54,Central Ostrobothnia,2019,8204,18853,7258,7981,18049,8658,16185,36902,15916,68158,2044.2
55,Central Ostrobothnia,2020,8164,18781,7391,7883,17840,8803,16047,36621,16194,67988,2202.7
56,Kainuu,1993,12004,29832,4817,11763,27269,7369,23767,57101,12186,91794,805.8
57,Kainuu,1994,11869,29517,5040,11665,27063,7571,23534,56580,12611,91350,804.5
58,Kainuu,1995,11707,29166,5280,11420,26801,7752,23127,55967,13032,90781,827.6
59,Kainuu,1996,11490,28837,5435,11197,26430,7935,22687,55267,13370,90035,881.3
60,Kainuu,1997,11111,28480,5526,10988,26046,8104,22099,54526,13630,88896,916.4
61,Kainuu,1998,10817,28157,5607,10636,25748,8216,21453,53905,13823,87843,941.4
62,Kainuu,1999,10517,27840,5745,10348,25459,8277,20865,53299,14022,86943,939.3
63,Kainuu,2000,10208,27427,5868,10087,25032,8447,20295,52459,14315,85736,970.1
64,Kainuu,2001,9795,27106,5994,9708,24702,8570,19503,51808,14564,84497,1050.0
65,Kainuu,2002,9472,26818,6068,9318,24390,8661,18790,51208,14729,83477,1128.0
66,Kainuu,2003,9234,26506,6222,9072,24190,8741,18306,50696,14963,82744,1222.8
67,Kainuu,2004,9014,26293,6382,8825,23930,8924,17839,50223,15306,82214,1296.2
68,Kainuu,2005,8831,26058,6451,8582,23749,9022,17413,49807,15473,81585,1261.7
69,Kainuu,2006,8651,25617,6674,8318,23358,9220,16969,48975,15894,80738,1406.3
70,Kainuu,2007,8453,25473,6705,8133,23228,9239,16586,48701,15944,80218,1456.2
71,Kainuu,2008,8296,25297,6814,8025,23102,9251,16321,48399,16065,79690,1509.5
72,Kainuu,2009,8119,25071,6881,7899,22955,9315,16018,48026,16196,79234,1616.4
73,Kainuu,2010,7995,24797,7072,7758,22666,9473,15753,47463,16545,78703,1705.3
74,Kainuu,2011,7812,24456,7293,7546,22281,9611,15358,46737,16904,77984,1916.1
75,Kainuu,2012,7633,24103,7517,7410,21902,9857,15043,46005,17374,77435,2029.9
76,Kainuu,2013,7460,23662,7816,7251,21440,10113,14711,45102,17929,76782,2280.9
77,Kainuu,2014,7299,23190,8093,7115,21061,10288,14414,44251,18381,76119,2291.2
78,Kainuu,2015,7131,22673,8353,6845,20677,10438,13976,43350,18791,75324,2331.9
79,Kainuu,2016,7123,22265,8602,6739,20283,10593,13862,42548,19195,74803,2349.2
80,Kainuu,2017,6954,21749,8874,6648,19727,10784,13602,41476,19658,73959,2380.7
81,Kainuu,2018,6811,21231,9128,6471,19239,10950,13282,40470,20078,73061,2687.9
82,Kainuu,2019,6688,20708,9459,6329,18727,11142,13017,39435,20601,72306,2708.6
83,Kainuu,2020,6558,20416,9684,6177,18296,11260,12735,38712,20944,71664,3024.0
84,Kanta-Häme,1993,19652,51740,9513,18820,50149,16898,38472,101889,26411,164767,781.0
85,Kanta-Häme,1994,19642,51635,9744,18913,49993,17117,38555,101628,26861,164957,764.9
86,Kanta-Häme,1995,19554,51434,9940,18898,49770,17372,38452,101204,27312,164937,810.4
87,Kanta-Häme,1996,19501,51288,10177,18793,49691,17462,38294,100979,27639,164892,858.5
88,Kanta-Häme,1997,19460,51271,10316,18743,49666,17547,38203,100937,27863,165026,909.7
89,Kanta-Häme,1998,19371,51235,10407,18599,49718,17496,37970,100953,27903,164914,932.9
90,Kanta-Häme,1999,19412,51243,10619,18528,49878,17487,37940,101121,28106,165190,931.6
91,Kanta-Häme,2000,19351,51204,10831,18505,49913,17540,37856,101117,28371,165307,936.3
92,Kanta-Häme,2001,19265,51344,11039,18443,50037,17559,37708,101381,28598,165509,964.8
93,Kanta-Häme,2002,18996,51491,11309,18290,50209,17664,37286,101700,28973,165886,1020.0
94,Kanta-Häme,2003,18963,51602,11600,18279,50403,17796,37242,102005,29396,166648,1084.1
95,Kanta-Häme,2004,18981,51727,11875,18411,50584,18047,37392,102311,29922,167630,1165.5
96,Kanta-Häme,2005,19008,52004,11983,18387,50894,18068,37395,102898,30051,168381,1242.6
97,Kanta-Häme,2006,19189,52340,12450,18445,51046,18533,37634,103386,30983,169952,1294.4
98,Kanta-Häme,2007,19277,52868,12561,18563,51738,18466,37840,104606,31027,171449,1341.9
99,Kanta-Häme,2008,19392,53328,12877,18711,52135,18749,38103,105463,31626,173041,1485.0
100,Kanta-Häme,2009,19384,53439,13202,18635,52450,18937,38019,105889,32139,173828,1536.6
101,Kanta-Häme,2010,19281,53480,13762,18501,52411,19349,37782,105891,33111,174555,1562.7
102,Kanta-Häme,2011,19148,53128,14518,18418,52067,20057,37566,105195,34575,175230,1620.9
103,Kanta-Häme,2012,19101,52760,15242,18281,51597,20666,37382,104357,35908,175472,1671.6
104,Kanta-Häme,2013,18979,52370,15869,18106,51106,21226,37085,103476,37095,175481,1739.2
105,Kanta-Häme,2014,18829,51976,16500,17883,50458,21800,36712,102434,38300,175349,1784.1
106,Kanta-Häme,2015,18555,51463,17050,17622,49791,22319,36177,101254,39369,174710,1818.1
107,Kanta-Häme,2016,18282,50836,17530,17293,48975,22803,35575,99811,40333,173781,1850.1
108,Kanta-Häme,2017,18043,50189,18102,16991,48194,23208,35034,98383,41310,172720,1924.6
109,Kanta-Häme,2018,17693,49431,18589,16595,47339,23649,34288,96770,42238,171364,1945.2
110,Kanta-Häme,2019,17351,49012,19061,16339,46877,24132,33690,95889,43193,170925,1999.6
111,Kanta-Häme,2020,17179,48706,19472,16012,46514,24592,33191,95220,44064,170577,2077.3
112,Kymenlaakso,1993,21234,60327,10635,20312,57059,18866,41546,117386,29501,186054,707.9
113,Kymenlaakso,1994,21084,59965,10970,20184,56706,19043,41268,116671,30013,185462,697.5
114,Kymenlaakso,1995,20782,59522,11251,19952,56223,19223,40734,115745,30474,184595,738.0
115,Kymenlaakso,1996,20584,59000,11498,19751,55846,19372,40335,114846,30870,183819,780.3
116,Kymenlaakso,1997,20305,58591,11718,19605,55488,19503,39910,114079,31221,182942,848.9
117,Kymenlaakso,1998,20071,58333,11833,19431,55221,19536,39502,113554,31369,182215,842.7
118,Kymenlaakso,1999,19836,57846,12072,19175,54838,19530,39011,112684,31602,181122,891.0
119,Kymenlaakso,2000,19592,57420,12246,18918,54488,19559,38510,111908,31805,179940,914.9
120,Kymenlaakso,2001,19377,57186,12492,18661,54276,19602,38038,111462,32094,179292,998.9
121,Kymenlaakso,2002,19069,57101,12679,18386,54024,19664,37455,111125,32343,178735,1058.6
122,Kymenlaakso,2003,18832,56969,12998,18130,53806,19784,36962,110775,32782,178341,1160.4
123,Kymenlaakso,2004,18629,56697,13369,17906,53535,20049,36535,110232,33418,178205,1253.6
124,Kymenlaakso,2005,18501,56481,13557,17823,53419,20175,36324,109900,33732,177931,1325.0
125,Kymenlaakso,2006,18200,55770,14043,17610,52828,20634,35810,108598,34677,176995,1378.7
126,Kymenlaakso,2007,18048,55601,14070,17379,52656,20669,35427,108257,34739,176356,1396.6
127,Kymenlaakso,2008,17790,55238,14423,17143,52373,20836,34933,107611,35259,175661,1553.4
128,Kymenlaakso,2009,17611,55014,14742,16922,52117,21103,34533,107131,35845,175403,1569.9
129,Kymenlaakso,2010,17469,54521,15404,16825,51644,21640,34294,106165,37044,175377,1600.1
130,Kymenlaakso,2011,17194,53894,16088,16608,50989,22203,33802,104883,38291,174827,1695.1
131,Kymenlaakso,2012,17026,53228,16771,16433,50282,22864,33459,103510,39635,174466,1814.9
132,Kymenlaakso,2013,16722,52522,17419,16180,49588,23518,32902,102110,40937,173864,1846.2
133,Kymenlaakso,2014,16418,51600,18140,15900,48819,24006,32318,100419,42146,172907,1920.8
134,Kymenlaakso,2015,16136,50788,18723,15581,47970,24445,31717,98758,43168,171778,1916.4
135,Kymenlaakso,2016,15874,50160,19103,15357,47277,24869,31231,97437,43972,170770,1966.2
136,Kymenlaakso,2017,15464,49125,19573,14914,46145,25304,30378,95270,44877,168691,1985.8
137,Kymenlaakso,2018,15053,48255,19965,14450,45113,25530,29503,93368,45495,166623,2125.0
138,Kymenlaakso,2019,14618,47330,20201,14107,44137,25815,28725,91467,46016,164456,2214.6
139,Kymenlaakso,2020,14218,46572,20594,13715,43343,26022,27933,89915,46616,162812,2291.7
140,Lapland,1993,27317,66278,9860,26534,61164,14606,53851,127442,24466,202895,839.8
141,Lapland,1994,27091,65842,10239,26287,60723,15032,53378,126565,25271,202325,824.9
142,Lapland,1995,26622,65441,10594,25834,60378,15386,52456,125819,25980,201411,861.2
143,Lapland,1996,26304,65143,10901,25449,59901,15761,51753,125044,26662,200579,884.4
144,Lapland,1997,25817,64615,11153,24925,59415,15973,50742,124030,27126,199051,908.6
145,Lapland,1998,25110,63736,11369,24269,58774,16160,49379,122510,27529,196647,936.0
146,Lapland,1999,24535,62939,11621,23700,57904,16461,48235,120843,28082,194352,933.5
147,Lapland,2000,23915,61975,11994,22946,57159,16728,46861,119134,28722,191768,1007.3
148,Lapland,2001,23150,61264,12284,22170,56193,17045,45320,117457,29329,189288,1075.6
149,Lapland,2002,22411,60640,12683,21632,55877,17393,44043,116517,30076,187778,1149.6
150,Lapland,2003,21793,60357,13089,21048,55594,17736,42841,115951,30825,186917,1230.2
151,Lapland,2004,21333,60089,13503,20625,55362,18105,41958,115451,31608,186443,1311.1
152,Lapland,2005,20940,59841,13743,20208,55270,18273,41148,115111,32016,185800,1392.7
153,Lapland,2006,20583,59141,14245,19857,54778,18834,40440,113919,33079,184935,1464.1
154,Lapland,2007,20296,59019,14351,19508,54907,18889,39804,113926,33240,184390,1544.4
155,Lapland,2008,19994,58840,14680,19165,54865,19028,39159,113705,33708,183963,1654.6
156,Lapland,2009,19681,58883,14856,18818,54852,19207,38499,113735,34063,183748,1707.7
157,Lapland,2010,19406,58740,15197,18486,54698,19477,37892,113438,34674,183488,1765.9
158,Lapland,2011,19118,58196,15845,18296,54136,20127,37414,112332,35972,183330,1873.5
159,Lapland,2012,18900,57510,16536,18025,53591,20654,36925,111101,37190,182844,2032.3
160,Lapland,2013,18673,56702,17258,17834,52944,21232,36507,109646,38490,182514,2142.8
161,Lapland,2014,18485,55772,18025,17611,52207,21760,36096,107979,39785,181746,2253.9
162,Lapland,2015,18179,54817,18747,17366,51532,22215,35545,106349,40962,180858,2262.9
163,Lapland,2016,18071,54027,19266,17115,51074,22625,35186,105101,41891,180207,2267.6
164,Lapland,2017,17814,53040,19882,16910,50458,23035,34724,103498,42917,179223,2293.3
165,Lapland,2018,17554,52250,20491,16756,49943,23465,34310,102193,43956,178522,2444.6
166,Lapland,2019,17271,51419,20913,16427,49003,23955,33698,100422,44868,177161,2523.0
167,Lapland,2020,17063,50879,21443,16256,48326,24466,33319,99205,45909,176665,2550.7
168,North Karelia,1993,23122,58570,10313,22020,54285,17389,45142,112855,27702,183293,825.4
169,North Karelia,1994,22912,58360,10591,21882,53980,17657,44794,112340,28248,183038,811.4
170,North Karelia,1995,22757,57992,10853,21653,53525,17953,44410,111517,28806,182336,838.2
171,North Karelia,1996,22439,57504,11043,21294,53176,18044,43733,110680,29087,181160,865.9
172,North Karelia,1997,22175,57012,11230,21013,52678,18157,43188,109690,29387,179977,902.1
173,North Karelia,1998,21831,56593,11365,20625,52343,18101,42456,108936,29466,178441,909.9
174,North Karelia,1999,21374,56225,11557,20297,51963,18180,41671,108188,29737,177238,938.3
175,North Karelia,2000,20960,56072,11763,19927,51681,18230,40887,107753,29993,176187,984.2
176,North Karelia,2001,20496,55969,11983,19541,51489,18401,40037,107458,30384,175322,1028.6
177,North Karelia,2002,20039,55709,12176,19062,51279,18387,39101,106988,30563,174236,1114.0
178,North Karelia,2003,19626,55396,12476,18615,51256,18523,38241,106652,30999,173580,1226.9
179,North Karelia,2004,19194,55177,12813,18287,51159,18691,37481,106336,31504,173018,1285.8
180,North Karelia,2005,18812,55254,12896,17957,51146,18752,36769,106400,31648,172629,1376.1
181,North Karelia,2006,18455,54740,13358,17664,50702,19104,36119,105442,32462,171758,1451.1
182,North Karelia,2007,18157,54641,13385,17319,50617,19069,35476,105258,32454,170896,1548.4
183,North Karelia,2008,17782,54374,13662,16994,50392,19222,34776,104766,32884,170194,1667.3
184,North Karelia,2009,17455,54338,13922,16712,50267,19452,34167,104605,33374,169937,1722.9
185,North Karelia,2010,17156,53959,14494,16470,50123,19827,33626,104082,34321,169778,1734.6
186,North Karelia,2011,16901,53423,15142,16325,49765,20226,33226,103188,35368,169733,1805.5
187,North Karelia,2012,16697,52813,15830,16172,49314,20689,32869,102127,36519,169496,1784.5
188,North Karelia,2013,16484,52219,16454,15997,48734,21220,32481,100953,37674,169112,1993.1
189,North Karelia,2014,16251,51551,17222,15836,48269,21625,32087,99820,38847,168896,2044.3
190,North Karelia,2015,16003,50842,17880,15662,47779,22065,31665,98621,39945,168329,2066.0
191,North Karelia,2016,15779,50209,18422,15416,47196,22371,31195,97405,40793,167599,2090.2
192,North Karelia,2017,15455,49291,19095,15123,46563,22747,30578,95854,41842,166441,2024.9
193,North Karelia,2018,15181,48527,19621,14721,46110,23115,29902,94637,42736,165569,2026.5
194,North Karelia,2019,14918,47776,20123,14413,45392,23536,29331,93168,43659,164465,2080.7
195,North Karelia,2020,14590,47091,20643,14292,44643,23950,28882,91734,44593,163537,2190.4
196,North Ostrobothnia,1993,54062,112171,15988,51618,105244,25733,105680,217415,41721,359433,803.1
197,North Ostrobothnia,1994,54024,113147,16501,51543,105850,26284,105567,218997,42785,361751,743.5
198,North Ostrobothnia,1995,53992,114027,17071,51608,106487,26756,105600,220514,43827,364443,796.4
199,North Ostrobothnia,1996,53699,114756,17589,51403,107141,27205,105102,221897,44794,366218,845.6
200,North Ostrobothnia,1997,53423,115337,18051,51017,107691,27463,104440,223028,45514,367361,887.7
201,North Ostrobothnia,1998,53032,116009,18353,50576,108315,27647,103608,224324,46000,368302,882.2
202,North Ostrobothnia,1999,52859,116936,18737,50146,108857,27952,103005,225793,46689,369827,911.4
203,North Ostrobothnia,2000,52728,118262,19213,50034,109921,28344,102762,228183,47557,372639,930.7
204,North Ostrobothnia,2001,52297,119555,19658,49733,111061,28699,102030,230616,48357,375182,985.7
205,North Ostrobothnia,2002,52056,120464,20183,49337,111787,29015,101393,232251,49198,377045,1085.6
206,North Ostrobothnia,2003,51682,121075,20801,49029,112360,29446,100711,233435,50247,378903,1159.7
207,North Ostrobothnia,2004,51814,121604,21421,49081,113093,30091,100895,234697,51512,381792,1216.2
208,North Ostrobothnia,2005,52089,122424,21798,49366,114045,30447,101455,236469,52245,384808,1268.6
209,North Ostrobothnia,2006,52328,122311,22888,49615,114059,31402,101943,236370,54290,387320,1342.8
210,North Ostrobothnia,2007,52677,123320,23203,49842,114977,31614,102519,238297,54817,390038,1390.7
211,North Ostrobothnia,2008,52742,124018,23819,49915,115441,32168,102657,239459,55987,392652,1497.1
212,North Ostrobothnia,2009,52926,124792,24379,50258,116233,32552,103184,241025,56931,395510,1578.2
213,North Ostrobothnia,2010,53093,125025,25413,50400,116584,33480,103493,241609,58893,398335,1637.7
214,North Ostrobothnia,2011,53224,125014,26654,50473,116746,34693,103697,241760,61347,401201,1710.6
215,North Ostrobothnia,2012,53430,125047,27910,50562,116541,35882,103992,241588,63792,403920,1782.8
216,North Ostrobothnia,2013,53627,124926,29195,50622,116522,37131,104249,241448,66326,406480,1870.1
217,North Ostrobothnia,2014,53552,124519,30595,50552,116106,38369,104104,240625,68964,408537,1872.8
218,North Ostrobothnia,2015,53377,124243,31973,50473,115637,39553,103850,239880,71526,410054,1895.1
219,North Ostrobothnia,2016,53126,123786,33263,50339,115077,40626,103465,238863,73889,411150,1929.5
220,North Ostrobothnia,2017,52902,123401,34541,50039,114312,41921,102941,237713,76462,411856,1963.3
221,North Ostrobothnia,2018,52133,123091,35706,49652,113755,42979,101785,236846,78685,412161,2001.6
222,North Ostrobothnia,2019,51350,122805,36903,49253,113421,44162,100603,236226,81065,412830,2121.4
223,North Ostrobothnia,2020,51028,122557,38043,48883,113263,45351,99911,235820,83394,413830,2206.6
224,North Savo,1993,33379,84809,14525,32277,80363,25067,65656,165172,39592,266956,865.9
225,North Savo,1994,33219,84608,14997,32148,80192,25391,65367,164800,40388,266870,857.5
226,North Savo,1995,32845,84259,15405,31784,79867,25742,64629,164126,41147,266308,849.5
227,North Savo,1996,32481,83920,15791,31356,79519,25977,63837,163439,41768,265644,897.6
228,North Savo,1997,32149,83412,16128,31030,79188,26209,63179,162600,42337,264578,973.5
229,North Savo,1998,31656,82933,16326,30519,78729,26265,62175,161662,42591,262946,986.7
230,North Savo,1999,31135,82491,16653,30044,78256,26411,61179,160747,43064,261393,981.9
231,North Savo,2000,30539,81940,16932,29547,77568,26613,60086,159508,43545,259639,1002.9
232,North Savo,2001,30121,81690,17181,29158,77437,26779,59279,159127,43960,258664,1059.1
233,North Savo,2002,29466,81670,17442,28514,77318,26973,57980,158988,44415,257728,1167.0
234,North Savo,2003,28918,81456,17887,27920,77046,27259,56838,158502,45146,257079,1223.1
235,North Savo,2004,28611,81139,18379,27496,76836,27583,56107,157975,45962,256740,1326.2
236,North Savo,2005,28145,80782,18586,27123,76485,27709,55268,157267,46295,255683,1404.9
237,North Savo,2006,27856,80418,19257,26815,75941,28235,54671,156359,47492,255094,1466.2
238,North Savo,2007,27336,80319,19356,26427,76064,28112,53763,156383,47468,254367,1567.6
239,North Savo,2008,27113,80050,19699,26039,75987,28302,53152,156037,48001,253899,1651.2
240,North Savo,2009,26830,79992,20022,25622,75920,28552,52452,155912,48574,253605,1743.1
241,North Savo,2010,26464,79436,20755,25306,75617,29009,51770,155053,49764,253337,1776.6
242,North Savo,2011,26239,78870,21692,25015,75008,29756,51254,153878,51448,253472,1895.9
243,North Savo,2012,25986,78338,22544,24870,74582,30378,50856,152920,52922,253524,2021.5
244,North Savo,2013,25692,77599,23506,24584,74176,31103,50276,151775,54609,253643,2125.2
245,North Savo,2014,25436,77047,24404,24315,73490,31789,49751,150537,56193,253584,2132.8
246,North Savo,2015,25243,76321,25271,24141,72882,32268,49384,149203,57539,253239,2155.3
247,North Savo,2016,25012,75520,26009,23917,72269,32827,48929,147789,58836,252815,2176.9
248,North Savo,2017,24689,74416,26843,23596,71292,33488,48285,145708,60331,251570,2197.5
249,North Savo,2018,24382,73435,27561,23276,70386,34094,47658,143821,61655,250414,2213.8
250,North Savo,2019,23866,72441,28326,22935,69543,34663,46801,141984,62989,249003,2362.8
251,North Savo,2020,23492,71573,29063,22515,68892,35288,46007,140465,64351,248265,2474.1
252,Ostrobothnia,1993,21938,51321,10732,20552,49486,16941,42490,100807,27673,168698,822.0
253,Ostrobothnia,1994,21869,51439,10855,20524,49321,17126,42393,100760,27981,168833,820.5
254,Ostrobothnia,1995,21780,51487,10957,20455,49313,17172,42235,100800,28129,168888,859.9
255,Ostrobothnia,1996,21715,51587,11152,20348,49415,17154,42063,101002,28306,169019,904.6
256,Ostrobothnia,1997,21471,51832,11273,20112,49396,17209,41583,101228,28482,168964,985.8
257,Ostrobothnia,1998,21291,51956,11439,19881,49392,17244,41172,101348,28683,168867,1028.3
258,Ostrobothnia,1999,21074,51870,11535,19613,49310,17218,40687,101180,28753,168326,1026.4
259,Ostrobothnia,2000,20829,51812,11713,19411,49351,17258,40240,101163,28971,168077,1067.4
260,Ostrobothnia,2001,20573,52062,11838,19208,49335,17280,39781,101397,29118,167986,1116.3
261,Ostrobothnia,2002,20380,52061,12000,19035,49209,17385,39415,101270,29385,167921,1187.2
262,Ostrobothnia,2003,20314,52090,12200,18933,49136,17546,39247,101226,29746,168046,1241.3
263,Ostrobothnia,2004,20179,52155,12462,18837,49200,17656,39016,101355,30118,168361,1304.1
264,Ostrobothnia,2005,20125,52343,12574,18749,49312,17583,38874,101655,30157,168583,1390.0
265,Ostrobothnia,2006,20087,52382,13007,18780,49129,17956,38867,101511,30963,169170,1418.8
266,Ostrobothnia,2007,20041,52737,13188,18829,49503,17941,38870,102240,31129,169971,1500.7
267,Ostrobothnia,2008,20104,53210,13450,18758,49746,18071,38862,102956,31521,170994,1626.6
268,Ostrobothnia,2009,20093,53586,13744,18723,49943,18259,38816,103529,32003,172085,1678.6
269,Ostrobothnia,2010,20049,53585,14318,18784,49843,18663,38833,103428,32981,172981,1675.5
270,Ostrobothnia,2011,20050,53510,15013,18889,49821,19171,38939,103331,34184,174170,1777.8
271,Ostrobothnia,2012,19915,53390,15553,18817,49777,19573,38732,103167,35126,174777,1898.8
272,Ostrobothnia,2013,19871,53386,16093,18783,49651,19940,38654,103037,36033,175530,2000.5
273,Ostrobothnia,2014,19875,53199,16654,18793,49559,20378,38668,102758,37032,176316,2050.0
274,Ostrobothnia,2015,19931,53083,17125,18705,49324,20737,38636,102407,37862,176894,2066.7
275,Ostrobothnia,2016,19909,52726,17498,18730,48801,21056,38639,101527,38554,176729,2003.3
276,Ostrobothnia,2017,19849,52288,17931,18709,48233,21287,38558,100521,39218,176272,1933.0
277,Ostrobothnia,2018,19718,52077,18263,18619,47911,21571,38337,99988,39834,176193,2034.7
278,Ostrobothnia,2019,19607,51735,18678,18462,47487,21871,38069,99222,40549,175923,2128.0
279,Ostrobothnia,2020,19437,51505,18938,18407,47342,22197,37844,98847,41135,175816,2147.5
280,Pirkanmaa,1993,51240,138158,23541,48811,136693,42596,100051,274851,66137,435789,655.4
281,Pirkanmaa,1994,51343,138925,24098,48932,137053,43212,100275,275978,67310,438114,649.2
282,Pirkanmaa,1995,51394,139678,24752,49018,137591,43725,100412,277269,68477,440734,698.2
283,Pirkanmaa,1996,51256,140527,25320,48902,138186,44056,100158,278713,69376,443065,732.7
284,Pirkanmaa,1997,51327,141498,25776,49025,138842,44279,100352,280340,70055,445536,786.4
285,Pirkanmaa,1998,51373,142480,26196,49052,139692,44464,100425,282172,70660,448045,828.8
286,Pirkanmaa,1999,51293,143504,26600,49192,140649,44648,100485,284153,71248,450548,846.8
287,Pirkanmaa,2000,51299,144816,27092,49097,141792,44814,100396,286608,71906,453319,872.2
288,Pirkanmaa,2001,51173,146329,27735,49038,143250,45070,100211,289579,72805,456934,930.6
289,Pirkanmaa,2002,50966,147925,28254,48779,144306,45367,99745,292231,73621,460103,996.4
290,Pirkanmaa,2003,50879,148850,29089,48744,145186,45935,99623,294036,75024,463330,1060.3
291,Pirkanmaa,2004,51028,149949,29827,48942,146082,46694,99970,296031,76521,467424,1146.9
292,Pirkanmaa,2005,51352,151156,30434,49252,147340,47003,100604,298496,77437,471409,1211.9
293,Pirkanmaa,2006,51665,152150,31680,49713,148054,47983,101378,300204,79663,475645,1276.4
294,Pirkanmaa,2007,51850,153938,32184,49892,149790,48377,101742,303728,80561,480634,1358.2
295,Pirkanmaa,2008,52130,155148,33065,50155,150868,48997,102285,306016,82062,484638,1515.5
296,Pirkanmaa,2009,52351,155907,33989,50266,151683,49771,102617,307590,83760,488295,1529.1
297,Pirkanmaa,2010,52540,156222,35445,50501,151925,51005,103041,308147,86450,491746,1592.0
298,Pirkanmaa,2011,52576,156092,37290,50671,151617,52770,103247,307709,90060,495242,1692.2
299,Pirkanmaa,2012,52817,155842,39267,50921,151514,54483,103738,307356,93750,499006,1779.2
300,Pirkanmaa,2013,52954,155798,41178,50910,151175,56199,103864,306973,97377,502575,1850.3
301,Pirkanmaa,2014,53027,155515,42862,51010,151079,57732,104037,306594,100594,505755,1845.8
302,Pirkanmaa,2015,53057,155377,44385,51147,151017,58972,104204,306394,103357,508448,1777.9
303,Pirkanmaa,2016,53132,155625,45601,51232,150942,60383,104364,306567,105984,511642,1809.3
304,Pirkanmaa,2017,53094,155989,46876,51204,151023,61597,104298,307012,108473,514333,1844.5
305,Pirkanmaa,2018,52885,156532,48043,50904,151504,62801,103789,308036,110844,517333,1912.1
306,Pirkanmaa,2019,52566,157063,49142,50663,151757,64099,103229,308820,113241,519872,1940.1
307,Pirkanmaa,2020,52248,157678,50295,50368,152383,65185,102616,310061,115480,522852,2013.6
308,Päijät-Häme,1993,24446,65784,10463,23729,65191,19284,48175,130975,29747,206233,734.2
309,Päijät-Häme,1994,24354,65673,10748,23634,64921,19542,47988,130594,30290,206171,690.0
310,Päijät-Häme,1995,24258,65454,10976,23479,64612,19846,47737,130066,30822,205973,700.7
311,Päijät-Häme,1996,24048,65092,11196,23317,64266,20034,47365,129358,31230,205394,783.4
312,Päijät-Häme,1997,23870,65033,11417,23163,64303,20093,47033,129336,31510,205338,816.0
313,Päijät-Häme,1998,23602,65050,11509,23010,64322,20179,46612,129372,31688,205030,836.5
314,Päijät-Häme,1999,23328,65008,11719,22774,64195,20402,46102,129203,32121,204858,857.3
315,Päijät-Häme,2000,23182,64995,12089,22629,64023,20675,45811,129018,32764,204912,875.8
316,Päijät-Häme,2001,22891,65062,12394,22456,64043,20908,45347,129105,33302,205071,925.7
317,Päijät-Häme,2002,22646,65069,12796,22239,64148,21224,44885,129217,34020,205464,1007.7
318,Päijät-Häme,2003,22385,65006,13219,22002,64105,21592,44387,129111,34811,205755,1129.7
319,Päijät-Häme,2004,22257,64828,13726,21792,63912,21998,44049,128740,35724,206021,1212.3
320,Päijät-Häme,2005,22172,64582,14080,21673,63788,22290,43845,128370,36370,206240,1280.7
321,Päijät-Häme,2006,22139,64130,14790,21597,63212,23057,43736,127342,37847,206481,1307.8
322,Päijät-Häme,2007,22080,64409,15038,21516,63617,23163,43596,128026,38201,207269,1382.4
323,Päijät-Häme,2008,21991,64510,15545,21418,63697,23456,43409,128207,39001,207940,1576.2
324,Päijät-Häme,2009,21740,64439,16028,21292,63606,23832,43032,128045,39860,208314,1589.4
325,Päijät-Häme,2010,21603,64100,16806,21131,63379,24491,42734,127479,41297,208777,1626.2
326,Päijät-Häme,2011,21367,63571,17802,20789,62961,25362,42156,126532,43164,209238,1697.5
327,Päijät-Häme,2012,21186,62927,18780,20600,62466,26208,41786,125393,44988,209503,1818.2
328,Päijät-Häme,2013,20975,62117,19778,20308,61647,27107,41283,123764,46885,209405,1927.5
329,Päijät-Häme,2014,20783,61199,20638,20055,60819,27884,40838,122018,48522,208959,1867.0
330,Päijät-Häme,2015,20557,60421,21462,19826,59897,28692,40383,120318,50154,208525,1870.9
331,Päijät-Häme,2016,20499,60024,22140,19619,59190,29347,40118,119214,51487,208574,1895.8
332,Päijät-Häme,2017,20423,59367,22809,19410,58324,30068,39833,117691,52877,208048,1879.9
333,Päijät-Häme,2018,20136,58889,23328,19120,57552,30648,39256,116441,53976,207394,1935.6
334,Päijät-Häme,2019,19771,58140,23888,18788,56677,31242,38559,114817,55130,206315,2082.0
335,Päijät-Häme,2020,19533,57673,24415,18575,55999,31755,38108,113672,56170,205771,2062.7
336,Satakunta,1993,28779,76499,13515,27725,73885,23341,56504,150384,36856,240519,740.3
337,Satakunta,1994,28552,76280,13823,27488,73593,23568,56040,149873,37391,240028,734.9
338,Satakunta,1995,28306,75900,14107,27215,72998,23901,55521,148898,38008,239255,752.7
339,Satakunta,1996,28021,75295,14455,26876,72608,24028,54897,147903,38483,238057,803.8
340,Satakunta,1997,27562,74802,14740,26440,72140,24138,54002,146942,38878,236818,867.5
341,Satakunta,1998,27293,74482,14953,26061,71722,24191,53354,146204,39144,235662,912.4
342,Satakunta,1999,26933,73929,15214,25720,71175,24343,52653,145104,39557,234233,915.6
343,Satakunta,2000,26480,73385,15589,25175,70597,24512,51655,143982,40101,232569,916.1
344,Satakunta,2001,26029,72980,15972,24639,70059,24781,50668,143039,40753,231307,1007.9
345,Satakunta,2002,25524,72692,16384,24200,69788,24980,49724,142480,41364,230480,1065.7
346,Satakunta,2003,25170,72297,16820,23752,69423,25312,48922,141720,42132,229910,1140.1
347,Satakunta,2004,24860,71752,17327,23558,68892,25788,48418,140644,43115,229389,1216.0
348,Satakunta,2005,24628,71401,17607,23250,68443,26019,47878,139844,43626,228675,1289.8
349,Satakunta,2006,24413,70661,18286,23139,67751,26558,47552,138412,44844,228051,1366.5
350,Satakunta,2007,24119,70343,18449,22893,67551,26573,47012,137894,45022,227131,1398.1
351,Satakunta,2008,23782,70023,18790,22598,67175,26893,46380,137198,45683,226358,1528.7
352,Satakunta,2009,23494,69664,19268,22367,66874,27175,45861,136538,46443,226116,1622.1
353,Satakunta,2010,23350,69182,19925,22094,66331,27709,45444,135513,47634,225762,1652.4
354,Satakunta,2011,23091,68268,20774,21883,65468,28395,44974,133736,49169,225302,1786.4
355,Satakunta,2012,22978,67449,21699,21745,64639,29172,44723,132088,50871,224934,1873.5
356,Satakunta,2013,22701,66688,22569,21564,63848,29906,44265,130536,52475,224556,1902.8
357,Satakunta,2014,22480,65953,23412,21283,63045,30464,43763,128998,53876,223985,1935.3
358,Satakunta,2015,22114,65033,24082,21012,62007,31130,43126,127040,55212,222957,1945.4
359,Satakunta,2016,21881,64281,24703,20766,61015,31455,42647,125296,56158,221740,1930.7
360,Satakunta,2017,21588,63467,25293,20538,60029,31901,42126,123496,57194,220398,1897.3
361,Satakunta,2018,21229,62521,25777,20140,58958,32302,41369,121479,58079,218624,1978.5
362,Satakunta,2019,20772,61522,26217,19798,58013,32661,40570,119535,58878,216752,2051.6
363,Satakunta,2020,20491,60843,26638,19543,57208,32950,40034,118051,59588,215416,2081.8
364,South Karelia,1993,16008,45212,8086,15255,42696,14078,31263,87908,22164,139569,807.4
365,South Karelia,1994,15894,44999,8344,15131,42423,14267,31025,87422,22611,139297,804.9
366,South Karelia,1995,15797,44748,8544,14893,42006,14431,30690,86754,22975,138678,792.5
367,South Karelia,1996,15568,44565,8724,14747,41709,14554,30315,86274,23278,138163,867.6
368,South Karelia,1997,15391,44460,8881,14679,41578,14641,30070,86038,23522,137944,892.2
369,South Karelia,1998,15151,44290,8942,14441,41319,14779,29592,85609,23721,137238,917.1
370,South Karelia,1999,14899,44069,9077,14244,41014,14859,29143,85083,23936,136525,915.3
371,South Karelia,2000,14785,43899,9273,14068,40912,15019,28853,84811,24292,136299,941.0
372,South Karelia,2001,14651,43968,9497,13904,40790,15119,28555,84758,24616,136161,1016.6
373,South Karelia,2002,14336,43874,9692,13613,40655,15285,27949,84529,24977,135840,1091.3
374,South Karelia,2003,14146,43664,9961,13412,40464,15431,27558,84128,25392,135458,1173.0
375,South Karelia,2004,13915,43319,10244,13220,40163,15633,27135,83482,25877,134962,1229.9
376,South Karelia,2005,13787,43168,10407,13142,40104,15701,26929,83272,26108,134790,1309.6
377,South Karelia,2006,13680,42743,10907,12991,39633,16111,26671,82376,27018,134441,1361.6
378,South Karelia,2007,13446,42700,10931,12859,39446,16119,26305,82146,27050,133899,1456.4
379,South Karelia,2008,13243,42556,11190,12712,39309,16248,25955,81865,27438,133647,1593.3
380,South Karelia,2009,13022,42383,11396,12526,39072,16384,25548,81455,27780,133210,1656.0
381,South Karelia,2010,12890,42084,11779,12407,38763,16676,25297,80847,28455,132899,1809.9
382,South Karelia,2011,12631,41517,12273,12245,38327,17071,24876,79844,29344,132527,1825.4
383,South Karelia,2012,12484,41053,12796,12157,37929,17537,24641,78982,30333,132355,1869.2
384,South Karelia,2013,12302,40655,13286,11987,37521,17972,24289,78176,31258,132252,1921.7
385,South Karelia,2014,12141,40127,13725,11887,37061,18303,24028,77188,32028,131764,2047.4
386,South Karelia,2015,12015,39609,14102,11664,36559,18638,23679,76168,32740,131155,1994.6
387,South Karelia,2016,11834,39143,14444,11464,36100,18828,23298,75243,33272,130506,2044.2
388,South Karelia,2017,11705,38648,14751,11307,35599,19165,23012,74247,33916,129865,2039.8
389,South Karelia,2018,11455,38100,15049,11043,34964,19418,22498,73064,34467,128756,2075.2
390,South Karelia,2019,11223,37699,15345,10788,34367,19638,22011,72066,34983,127757,2039.3
391,South Karelia,2020,10949,37305,15590,10520,33913,19899,21469,71218,35489,126921,2295.6
392,South Ostrobothnia,1993,27740,63326,12704,26372,59856,20812,54112,123182,33516,207862,753.6
393,South Ostrobothnia,1994,27584,63292,12928,26187,59489,21042,53771,122781,33970,207514,735.7
394,South Ostrobothnia,1995,27119,62951,13101,25820,58916,21207,52939,121867,34308,206136,772.2
395,South Ostrobothnia,1996,26687,62615,13296,25558,58565,21325,52245,121180,34621,205108,848.4
396,South Ostrobothnia,1997,26336,62228,13524,25113,58160,21476,51449,120388,35000,203907,894.3
397,South Ostrobothnia,1998,26042,62025,13594,24701,58014,21524,50743,120039,35118,202935,911.0
398,South Ostrobothnia,1999,25670,61833,13761,24328,57778,21572,49998,119611,35333,202002,964.9
399,South Ostrobothnia,2000,25327,61572,13959,23868,57363,21638,49195,118935,35597,200766,984.0
400,South Ostrobothnia,2001,24981,61221,14128,23499,57172,21727,48480,118393,35855,199639,1087.5
401,South Ostrobothnia,2002,24564,61319,14315,23033,57132,21804,47597,118451,36119,199190,1125.4
402,South Ostrobothnia,2003,24167,61369,14532,22712,57135,21915,46879,118504,36447,199019,1202.5
403,South Ostrobothnia,2004,23906,61253,14930,22486,57082,22138,46392,118335,37068,199150,1294.0
404,South Ostrobothnia,2005,23721,61216,15008,22280,57114,22096,46001,118330,37104,198856,1366.3
405,South Ostrobothnia,2006,23519,60945,15397,22184,56826,22458,45703,117771,37855,198626,1422.8
406,South Ostrobothnia,2007,23443,61161,15442,21962,57121,22354,45405,118282,37796,198831,1507.2
407,South Ostrobothnia,2008,23287,61109,15642,21806,56987,22416,45093,118096,38058,198502,1595.7
408,South Ostrobothnia,2009,23061,61059,15896,21707,56955,22511,44768,118014,38407,198477,1677.2
409,South Ostrobothnia,2010,22892,60711,16448,21627,56752,22758,44519,117463,39206,198469,1688.2
410,South Ostrobothnia,2011,22683,60274,17130,21540,56415,23263,44223,116689,40393,198671,1814.1
411,South Ostrobothnia,2012,22674,59751,17867,21493,55987,23789,44167,115738,41656,198944,1869.3
412,South Ostrobothnia,2013,22549,59084,18639,21271,55351,24387,43820,114435,43026,198831,2013.1
413,South Ostrobothnia,2014,22376,58347,19224,21060,54695,24935,43436,113042,44159,198241,2078.3
414,South Ostrobothnia,2015,22198,57426,19867,20894,53928,25417,43092,111354,45284,197371,2050.2
415,South Ostrobothnia,2016,21966,56645,20470,20803,53304,25699,42769,109949,46169,196572,2007.8
416,South Ostrobothnia,2017,21722,55777,21044,20636,52534,26164,42358,108311,47208,195583,2047.8
417,South Ostrobothnia,2018,21455,55078,21613,20242,51801,26456,41697,106879,48069,194316,2096.0
418,South Ostrobothnia,2019,21139,54336,22192,19998,50978,26903,41137,105314,49095,193207,2245.9
419,South Ostrobothnia,2020,20714,53688,22742,19665,50297,27261,40379,103985,50003,192150,2309.1
420,South Savo,1993,19092,51762,9826,18422,49441,16707,37514,101203,26533,163130,806.0
421,South Savo,1994,18912,51507,10141,18230,49131,16989,37142,100638,27130,162691,798.7
422,South Savo,1995,18642,51122,10414,17914,48753,17267,36556,99875,27681,162033,820.1
423,South Savo,1996,18385,50655,10619,17732,48273,17462,36117,98928,28081,161128,868.0
424,South Savo,1997,18126,50078,10902,17454,47858,17642,35580,97936,28544,160077,926.5
425,South Savo,1998,17758,49487,11076,17147,47413,17746,34905,96900,28822,158725,960.2
426,South Savo,1999,17557,48934,11231,16822,46868,17911,34379,95802,29142,157334,998.8
427,South Savo,2000,17230,48397,11527,16531,46385,18095,33761,94782,29622,156117,1006.5
428,South Savo,2001,16859,48087,11759,16199,45975,18212,33058,94062,29971,154978,1109.7
429,South Savo,2002,16395,47729,12047,15751,45639,18391,32146,93368,30438,153864,1192.2
430,South Savo,2003,16072,47333,12399,15337,45196,18629,31409,92529,31028,152965,1265.7
431,South Savo,2004,15681,47013,12688,15077,44724,18902,30758,91737,31590,152171,1327.6
432,South Savo,2005,15371,46696,12832,14804,44520,18952,30175,91216,31784,151395,1421.6
433,South Savo,2006,15177,46140,13281,14584,43926,19275,29761,90066,32556,150471,1518.9
434,South Savo,2007,14814,45807,13337,14224,43518,19243,29038,89325,32580,149032,1582.7
435,South Savo,2008,14498,45283,13628,13912,43165,19326,28410,88448,32954,147892,1756.7
436,South Savo,2009,14150,44830,13929,13560,42923,19411,27710,87753,33340,146979,1764.2
437,South Savo,2010,13882,44317,14360,13238,42407,19703,27120,86724,34063,146166,1848.1
438,South Savo,2011,13654,43699,14828,12992,41683,20170,26646,85382,34998,145353,2009.0
439,South Savo,2012,13364,42977,15402,12722,40924,20729,26086,83901,36131,144393,2060.5
440,South Savo,2013,13104,42210,16000,12464,40372,21139,25568,82582,37139,143638,2173.1
441,South Savo,2014,12881,41485,16498,12201,39758,21529,25082,81243,38027,142744,2238.4
442,South Savo,2015,12670,40749,16920,11953,38952,21906,24623,79701,38826,141621,2236.0
443,South Savo,2016,12472,40015,17316,11746,38209,22188,24218,78224,39504,140422,2249.8
444,South Savo,2017,12148,39105,17767,11488,37289,22505,23636,76394,40272,138822,2262.6
445,South Savo,2018,11774,38043,18183,11176,36049,22665,22950,74092,40848,136474,2310.4
446,South Savo,2019,11411,37005,18541,10881,34952,22906,22292,71957,41447,134314,2403.4
447,South Savo,2020,11127,36196,18929,10565,34041,23166,21692,70237,42095,132702,2550.6
448,Southwest Finland,1993,50345,135203,24281,48386,134613,42926,98731,269816,67207,430409,713.4
449,Southwest Finland,1994,50336,135778,24820,48332,135194,43493,98668,270972,68313,432603,704.9
450,Southwest Finland,1995,50317,136578,25403,48373,136068,43901,98690,272646,69304,435119,722.1
451,Southwest Finland,1996,50233,137339,25958,48191,136934,44198,98424,274273,70156,437491,766.8
452,Southwest Finland,1997,50293,138141,26333,48024,137842,44522,98317,275983,70855,439973,834.9
453,Southwest Finland,1998,50448,139307,26610,48082,139094,44760,98530,278401,71370,443050,860.6
454,Southwest Finland,1999,50432,140275,26904,48189,140059,45034,98621,280334,71938,445542,878.7
455,Southwest Finland,2000,50283,140887,27369,48024,140853,45167,98307,281740,72536,447103,900.9
456,Southwest Finland,2001,50124,141710,27869,47756,141906,45494,97880,283616,73363,449293,972.1
457,Southwest Finland,2002,49826,142228,28485,47330,142750,45689,97156,284978,74174,450969,1022.3
458,Southwest Finland,2003,49537,142401,29228,47054,143259,46148,96591,285660,75376,452444,1097.0
459,Southwest Finland,2004,49459,142442,30067,46793,143352,46676,96252,285794,76743,453745,1187.6
460,Southwest Finland,2005,49367,143042,30568,46706,143971,46898,96073,287013,77466,455584,1262.5
461,Southwest Finland,2006,49376,143218,31709,46846,144081,47949,96222,287299,79658,457789,1337.6
462,Southwest Finland,2007,49023,143900,32150,46801,144683,47951,95824,288583,80101,459235,1409.1
463,Southwest Finland,2008,49003,144305,33061,46763,145041,48426,95766,289346,81487,461177,1531.6
464,Southwest Finland,2009,48818,144544,34111,46623,145110,49207,95441,289654,83318,462914,1521.5
465,Southwest Finland,2010,48790,144433,35646,46579,144798,50517,95369,289231,86163,465183,1596.0
466,Southwest Finland,2011,48601,143767,37568,46354,144155,52260,94955,287922,89828,467217,1681.3
467,Southwest Finland,2012,48446,142947,39522,46131,143529,53939,94577,286476,93461,468936,1741.9
468,Southwest Finland,2013,48283,142464,41318,45841,142838,55552,94124,285302,96870,470880,1807.2
469,Southwest Finland,2014,48016,142139,42875,45681,142301,57010,93697,284440,99885,472726,1849.9
470,Southwest Finland,2015,47825,141756,44368,45458,141692,58437,93283,283448,102805,474323,1867.8
471,Southwest Finland,2016,47412,141743,45537,45155,141175,59566,92567,282918,105103,475543,1876.7
472,Southwest Finland,2017,47111,142251,46747,45066,140853,60868,92177,283104,107615,477677,1882.8
473,Southwest Finland,2018,46670,142290,47759,44571,140473,61890,91241,282763,109649,478582,1946.1
474,Southwest Finland,2019,46271,142062,48743,44055,140008,63072,90326,282070,111815,479341,1989.1
475,Southwest Finland,2020,46021,142396,49924,43750,139933,64195,89771,282329,114119,481403,2022.4
476,Uusimaa,1993,153908,413542,49631,146761,433821,95172,300669,847363,144803,1277609,814.1
477,Uusimaa,1994,155910,418288,51204,149005,438275,96395,304915,856563,147599,1293573,785.9
478,Uusimaa,1995,157614,423582,52824,150781,443613,97547,308395,867195,150371,1310680,807.9
479,Uusimaa,1996,159311,428886,54316,152410,448896,98462,311721,877782,152778,1327243,859.7
480,Uusimaa,1997,160739,435071,55748,154366,454968,99345,315105,890039,155093,1344989,868.1
481,Uusimaa,1998,162003,441889,56991,155548,461257,99965,317551,903146,156956,1362634,877.7
482,Uusimaa,1999,163093,448159,58337,157119,467442,100902,320212,915601,159239,1379712,914.0
483,Uusimaa,2000,164049,453767,59819,157969,473041,101928,322018,926808,161747,1394199,947.9
484,Uusimaa,2001,164262,459250,61406,158400,478598,102921,322662,937848,164327,1408525,1033.0
485,Uusimaa,2002,164810,462867,63111,158718,482298,104281,323528,945165,167392,1419938,1120.8
486,Uusimaa,2003,165179,465451,65339,159245,484566,105880,324424,950017,171219,1429869,1137.4
487,Uusimaa,2004,165745,467510,67670,159876,485770,108339,325621,953280,176009,1439400,1180.9
488,Uusimaa,2005,166352,471559,69692,160862,489378,110068,327214,960937,179760,1452083,1253.6
489,Uusimaa,2006,167537,474841,73496,161898,492601,114050,329435,967442,187546,1467453,1293.1
490,Uusimaa,2007,168231,481347,75270,162238,498285,115664,330469,979632,190934,1483719,1362.4
491,Uusimaa,2008,169199,487205,78449,163060,503105,118712,332259,990310,197161,1501511,1468.4
492,Uusimaa,2009,169725,491343,81872,163785,507105,122259,333510,998448,204131,1517712,1503.2
493,Uusimaa,2010,170486,493786,86698,164068,508742,127479,334554,1002528,214177,1532309,1475.9
494,Uusimaa,2011,170824,496478,92307,164193,510329,133666,335017,1006807,225973,1549058,1535.1
495,Uusimaa,2012,171397,500065,97658,164547,512298,139658,335944,1012363,237316,1566835,1582.6
496,Uusimaa,2013,172190,503520,102848,165186,514502,145578,337376,1018022,248426,1585473,1635.8
497,Uusimaa,2014,173099,506891,107495,166167,516635,150785,339266,1023526,258280,1603389,1639.0
498,Uusimaa,2015,174341,510365,111500,167229,518801,155496,341570,1029166,266996,1620261,1641.3
499,Uusimaa,2016,176139,515194,114945,167942,521485,159579,344081,1036679,274524,1638293,1532.1
500,Uusimaa,2017,177526,519853,118637,169180,523865,164148,346706,1043718,282785,1655624,1623.5
501,Uusimaa,2018,177892,524299,121930,169823,526400,168216,347715,1050699,290146,1671024,1621.3
502,Uusimaa,2019,178327,530600,125213,170390,530100,172629,348717,1060700,297842,1689725,1741.8
503,Uusimaa,2020,178719,534107,128223,170864,532135,176135,349583,1066242,304358,1702678,1807.3
504,Åland,1993,3016,7876,1632,2788,7625,2467,5804,15501,4099,25102,455.2
505,Åland,1994,2990,7871,1655,2825,7629,2489,5815,15500,4144,25158,127.0
506,Åland,1995,3008,7851,1653,2837,7657,2453,5845,15508,4106,25202,122.9
507,Åland,1996,3052,7837,1656,2848,7697,2449,5900,15534,4105,25257,139.7
508,Åland,1997,3051,7838,1694,2889,7724,2464,5940,15562,4158,25392,0.0
509,Åland,1998,3075,7973,1710,2910,7823,2467,5985,15796,4177,25625,0.0
510,Åland,1999,3062,8017,1720,2906,7829,2457,5968,15846,4177,25706,3.0
511,Åland,2000,3069,8037,1757,2902,7853,2467,5971,15890,4224,25776,-2.0
512,Åland,2001,3054,8100,1783,2921,7942,2497,5975,16042,4280,26008,0.1
513,Åland,2002,3085,8164,1824,2917,8037,2512,6002,16201,4336,26257,-0.8
514,Åland,2003,3076,8181,1857,2929,8097,2504,6005,16278,4361,26347,-2.6
515,Åland,2004,3114,8270,1884,2931,8115,2527,6045,16385,4411,26530,-2.3
516,Åland,2005,3106,8356,1946,2920,8201,2548,6026,16557,4494,26766,-1.2
517,Åland,2006,3131,8377,2017,2923,8289,2546,6054,16666,4563,26923,4.3
518,Åland,2007,3120,8456,2079,2902,8348,2598,6022,16804,4677,27153,5.6
519,Åland,2008,3129,8538,2169,2920,8453,2610,6049,16991,4779,27456,6.4
520,Åland,2009,3123,8610,2252,2903,8514,2681,6026,17124,4933,27734,7.9
521,Åland,2010,3107,8675,2358,2889,8549,2787,5996,17224,5145,28007,12.8
522,Åland,2011,3099,8742,2472,2925,8586,2885,6024,17328,5357,28354,13.5
523,Åland,2012,3090,8695,2579,2931,8584,2947,6021,17279,5526,28501,13.1
524,Åland,2013,3127,8685,2680,2920,8607,3025,6047,17292,5705,28666,14.6
525,Åland,2014,3134,8713,2776,2910,8596,3123,6044,17309,5899,28916,16.6
526,Åland,2015,3104,8709,2828,2900,8568,3195,6004,17277,6023,28983,26.6
527,Åland,2016,3147,8716,2892,2939,8594,3277,6086,17310,6169,29214,20.2
528,Åland,2017,3156,8758,2984,2947,8562,3417,6103,17320,6401,29489,15.9
529,Åland,2018,3212,8727,3105,2995,8540,3515,6207,17267,6620,29789,13.8
530,Åland,2019,3201,8662,3181,3022,8526,3605,6223,17188,6786,29884,16.4
531,Åland,2020,3201,8700,3240,3058,8543,3691,6259,17243,6931,30129,24.2
